# Final structure
NODES
1 -47.297546    1.0564002 -13.550396 
2 -46.923405   5.937249  11.208936
3 -44.739334   18.762707   -5.3798018
4 -40.882824  -25.742943   -3.5243433
5 -40.450237  -9.1448    25.673151
6 -37.138775 -26.417528  16.940489
7 -37.13455  -13.171172 -28.983963
8 -36.38605    9.410055 -31.690083
9 -33.972404  26.989258  22.844301
10 -33.8267   -29.942232 -19.227982
11 -30.704584   8.294384  37.545193
12 -29.77349   30.577593 -23.24098 
13 -27.502298  39.875305   7.292861
14 -22.199013 -18.571934  39.040497
15 -18.64945    43.39819   -11.9386215
16 -17.747663   -6.9933124 -44.903793 
17 -16.720165   6.445405  45.864315
18 -15.943818 -44.10177   10.766439
19 -15.37619   12.569214 -44.75818 
20 -14.125032 -27.38695  -37.399918
21 -13.434317  38.063187  27.490343
22 -12.346054  23.769825  41.153034
23 -11.220068 -45.986504  -9.617285
24  -6.218729 -29.529097  38.30658 
25 -1.2734958  5.225325  49.104465 
26 -8.7921619e-03 -4.3316090e+01 -2.3271013e+01
27   0.45319372   6.1911597  -49.04942   
28   1.2346587 -15.349245   46.10842  
29   1.2456257  26.62064   -40.376175 
30  1.2776713 48.842068  -3.2439537
31  2.1490998 44.606438  18.692411 
32   7.030895  43.925682 -21.071827
33  7.0537486 30.305365  38.37719  
34   8.030176 -30.120655 -38.10215 
35   8.154537 -40.433628  26.861568
36  10.706114   -7.8591986 -47.157288 
37  12.285513  -47.418274    2.7819328
38 12.995951  6.280624 46.531597
39  17.656586  32.73117  -31.816854
40  18.77431  -39.679047 -21.595486
41  22.873531 -22.47551   36.98185 
42 24.430372 16.888294 39.068344
43 27.110634  39.942444   2.5347238
44  28.216888 -35.934956  17.695759
45  29.504787  11.612934 -37.13485 
46  30.854475  -11.6469965 -35.601692 
47  31.039936  -38.008183   -4.4174166
48 31.093185 28.374577 24.137945
49  33.628258  31.319458 -15.547827
50 35.267525  -1.1706419 33.493843 
51  35.986893 -23.910286 -23.288076
52  40.420105 -15.847725  22.687134
53  44.58918    -19.324821    -0.40072823
54  46.64068    4.40727  -13.424554
55 47.281773  6.694332  9.401913
EDGES
1 2
1 3
1 4
1 7
1 8
2 3
2 4
2 5
2 6
3 13
4 6
4 7
4 10
4 18
4 23
6 14
6 18
7 8
7 10
7 16
7 20
8 12
8 16
9 11
9 13
9 21
9 22
10 20
10 23
11 14
11 17
11 22
12 13
13 31
14 17
14 18
14 24
14 28
15 29
15 30
15 32
16 19
16 27
16 36
17 22
18 24
18 35
18 37
19 27
19 29
20 23
24 35
25 28
25 38
26 34
26 37
26 40
27 29
27 36
28 35
28 38
28 41
29 32
29 36
29 39
29 45
30 31
30 32
30 43
32 39
32 43
32 49
33 38
33 42
34 46
35 37
35 41
35 44
36 45
36 46
37 40
37 47
38 41
38 42
38 50
39 45
39 49
40 46
40 47
40 51
41 44
42 50
43 48
45 54
46 51
46 54
48 50
48 55
49 54
49 55
50 52
50 55
51 53
51 54
52 53
52 55
53 54
53 55
54 55
TYPE
1 FREE
2 FREE
3 FREE
4 FREE
5 FREE
6 FREE
7 FREE
8 FREE
9 FREE
10 FREE
11 FREE
12 FREE
13 FREE
14 FREE
15 FREE
16 FREE
17 FREE
18 FREE
19 FREE
20 FREE
21 FREE
22 FREE
23 FREE
24 FREE
25 FREE
26 FREE
27 FREE
28 FREE
29 FREE
30 FREE
31 FREE
32 FREE
33 FREE
34 FREE
35 FREE
36 FREE
37 FREE
38 FREE
39 FREE
40 FREE
41 FREE
42 FREE
43 FREE
44 FREE
45 FREE
46 FREE
47 FREE
48 FREE
49 FREE
50 FREE
51 FREE
52 FREE
53 FREE
54 FREE
55 FREE
PARAMETERS
E 12.0
I 22.0
G 11.0
J 42.0
A 15.0
mu 12.0
