# Final structure
NODES
1 -49.325302     0.81605697  -1.3248646 
2 -46.997696 -12.329731   8.407747
3 -46.787357     0.45952463 -16.416767  
4 -46.56385    15.221371    7.5301924
5 -45.610737   5.629967  18.705261
6 -43.356518  17.103285 -16.07748 
7 -43.27735  -21.67869   -8.974341
8 -41.728096 -23.416882  12.29009 
9 -41.358765    27.297436    -0.09109259
10 -40.75395     3.1748881 -27.938602 
11 -40.268433 -17.487316 -23.050032
12 -39.784355  12.656767  26.051346
13 -37.903503 -12.425124  29.153952
14 -36.326286  28.233055  18.004993
15 -34.63994    -1.5256402 -35.       
16 -34.04265  33.42192 -13.63023
17 -32.30845    37.208664    3.0447426
18 -32.066    -33.187847 -17.976337
19 -30.417664    5.4803085  38.882294 
20 -30.098911  21.46196   32.771496
21 -29.889074 -29.008175  26.86791 
22 -29.581177   -39.355247    -0.23004735
23 -28.081419  21.544498 -35.      
24 -26.803543 -36.60139   19.25066 
25 -25.972076 -21.95841   36.222946
26 -25.67602   -9.690073  41.196938
27 -22.795898 -26.24519  -35.      
28 -22.658169  40.628284  17.010014
29 -21.174925   44.41014    -4.0386887
30 -20.252068 -35.439766 -28.13271 
31 -18.492458  38.54143  -24.36719 
32 -18.040524  36.057995  28.943935
33 -17.609108  25.303368  38.915043
34 -17.450321  14.352724  44.1801  
35 -17.409876 -44.38289   13.701063
36 -16.39634    -2.5885177  46.59958  
37 -15.555237 -44.40195  -15.022989
38 -13.57566  -47.63723   -0.778219
39 -12.372715 -31.546913  35.905598
40 -11.690317  33.007195 -35.      
41 -9.689686  48.114494   3.1214433
42  -7.7940245 -19.277908   44.97206  
43  -5.372307  47.369373 -13.760064
44 -5.320673 26.816246 41.276993
45  -4.1404305 -42.933002  -24.201494 
46 -4.0619707 39.014664  30.149168 
47 -3.202041 12.078653 48.07949 
48  -2.5851502 -42.772583   24.589592 
49  -0.97411394 -10.147755    48.710865  
50   0.15567517 -35.063076   -35.        
51  0.35495234  1.842556   49.580357  
52   0.5113069 -48.73608    -8.746817 
53  2.9810607 44.479298  21.644062 
54  3.4222643 48.635944   9.175631 
55   3.6908655 -31.588348   38.207733 
56   4.383473 -47.949905  10.310893
57   8.755306 -18.066095  45.287987
58  9.101131 17.835472 45.511772
59   9.530907  42.755035 -22.78598 
60  10.893474  33.526665 -35.      
61 11.716531 47.547775 -7.823218
62 12.323215    0.26016402 48.013077  
63  13.340039 -43.761623 -18.898384
64 13.626749 27.170845 38.78746 
65  13.714855 -37.41768   29.078442
66  13.944311   -47.55284      0.18045127
67 15.923193 40.204895 23.62154 
68 20.763138  44.718914   3.3217874
69  22.037186 -23.488255  37.228416
70  22.35029  -41.542183  15.154108
71 22.704998 -8.704704 43.22    
72  22.795898 -26.24519  -35.      
73 22.80792  10.831881 42.690327
74  24.138788  34.131573 -26.510746
75  25.47605  -41.395744  -9.452698
76 26.110493 30.460255 29.33006 
77  26.219128   39.798546  -13.1662445
78  27.720161  21.840534 -35.      
79  27.855654 -34.92668  -21.443588
80 31.430752 -6.134867 37.628498
81 31.569878 34.886356 14.727712
82  31.772186 -23.759727 -29.76992 
83  31.776522  -37.850677    2.2355485
84  32.231342 -31.648937  19.987288
85 33.140724 17.76199  32.266182
86  34.63994     1.5256402 -35.       
87 36.726357 32.17817  -6.871973
88 37.14197    2.1414175 32.844463 
89  37.963295 -17.255249  26.86602 
90  39.67196  -27.22984  -10.899371
91  40.295578   -6.8251476 -28.114792 
92 41.183    23.027237 14.183313
93  41.335487   8.29974  -25.952007
94  42.31994   18.929268 -17.618696
95  43.424248 -19.888851  11.970374
96 43.788986   2.5859208 22.70799  
97 44.47202   21.691576  -1.5480207
98  45.425156  -7.553004 -17.325161
99  46.41407  -16.260765  -5.960359
100 47.479683  5.541726 12.826855
101 48.51679   8.959692 -4.365928
102 48.8349    -6.5292487  4.5101104
EDGES
1 2
1 3
1 4
1 5
1 6
1 7
2 5
2 7
2 8
2 13
3 6
3 7
3 10
3 11
4 5
4 6
4 9
4 12
4 14
5 12
5 13
6 9
6 10
6 16
6 23
7 8
7 11
7 18
7 22
8 13
8 21
8 22
8 24
9 14
9 16
9 17
10 11
10 15
10 23
11 15
11 18
11 27
12 13
12 14
12 19
12 20
13 19
13 21
13 25
13 26
14 17
14 20
14 28
14 32
15 23
15 27
16 17
16 23
16 29
16 31
17 28
17 29
18 22
18 27
18 30
18 37
19 20
19 26
19 34
19 36
20 32
20 33
20 34
21 24
21 25
21 39
22 24
22 35
22 37
22 38
23 31
23 40
24 35
24 39
24 48
25 26
25 39
26 36
26 39
26 42
27 30
28 29
28 32
28 41
28 46
28 53
29 31
29 41
29 43
30 37
30 45
30 50
31 40
31 43
31 59
32 33
32 44
32 46
33 34
33 44
34 36
34 44
34 47
35 38
35 48
35 56
36 42
36 47
36 49
36 51
37 38
37 45
37 52
38 52
38 56
39 42
39 48
39 55
40 59
40 60
41 43
41 53
41 54
41 61
42 49
42 55
42 57
43 59
43 61
44 46
44 47
44 58
44 64
45 50
45 52
45 63
46 53
46 64
46 67
47 51
47 58
48 55
48 56
48 65
49 51
49 57
49 62
50 63
50 72
51 58
51 62
52 56
52 63
52 66
53 54
53 67
54 61
54 67
54 68
55 57
55 65
55 69
56 65
56 66
56 70
57 62
57 69
57 71
58 62
58 64
58 73
59 60
59 61
59 74
59 77
60 74
60 78
61 68
61 77
62 71
62 73
63 66
63 72
63 75
63 79
64 67
64 73
64 76
64 85
65 69
65 70
65 84
66 70
66 75
66 83
67 68
67 76
67 81
68 77
68 81
68 87
69 71
69 80
69 84
69 89
70 83
70 84
71 73
71 80
72 79
72 82
72 86
73 80
73 85
74 77
74 78
74 87
75 79
75 83
75 90
76 81
76 85
77 87
78 86
78 87
78 93
78 94
79 82
79 90
80 85
80 88
80 89
81 85
81 87
81 92
82 86
82 90
82 91
82 98
83 84
83 90
83 95
84 89
84 95
85 88
85 92
85 96
86 91
86 93
87 92
87 94
87 97
88 89
88 96
89 95
89 96
90 95
90 98
90 99
91 93
91 98
92 96
92 97
92 100
93 94
93 98
93 101
94 97
94 101
95 96
95 99
95 100
95 102
96 100
97 100
97 101
98 99
98 101
98 102
99 102
100 101
100 102
101 102
TYPE
1 FREE
2 FREE
3 FREE
4 FREE
5 FREE
6 FREE
7 FREE
8 FREE
9 FREE
10 FREE
11 FREE
12 FREE
13 FREE
14 FREE
15 FIXED
16 FREE
17 FREE
18 FREE
19 FREE
20 FREE
21 FREE
22 FREE
23 FIXED
24 FREE
25 FREE
26 FREE
27 FIXED
28 FREE
29 FREE
30 FREE
31 FREE
32 FREE
33 FREE
34 FREE
35 FREE
36 FREE
37 FREE
38 FREE
39 FREE
40 FIXED
41 FREE
42 FREE
43 FREE
44 FREE
45 FREE
46 FREE
47 FREE
48 FREE
49 FREE
50 FIXED
51 FREE
52 FREE
53 FREE
54 FREE
55 FREE
56 FREE
57 FREE
58 FREE
59 FREE
60 FIXED
61 FREE
62 FREE
63 FREE
64 FREE
65 FREE
66 FREE
67 FREE
68 FREE
69 FREE
70 FREE
71 FREE
72 FIXED
73 FREE
74 FREE
75 FREE
76 FREE
77 FREE
78 FIXED
79 FREE
80 FREE
81 FREE
82 FREE
83 FREE
84 FREE
85 FREE
86 FIXED
87 FREE
88 FREE
89 FREE
90 FREE
91 FREE
92 FREE
93 FREE
94 FREE
95 FREE
96 FREE
97 FREE
98 FREE
99 FREE
100 FREE
101 FREE
102 FREE
PARAMETERS
E 12.0
I 22.0
G 11.0
J 42.0
A 15.0
mu 12.0
