#
# 10 cm radius bar
NODES
1 0.0 0.0 0.0
2 1.0 0.0 0.0
3 1.0 1.0 0.0
4 0.0 1.0 0.0
5 0.0 0.0 1.0
6 1.0 0.0 1.0
7 1.0 1.0 1.0
8 0.0 1.0 1.0
9 0.0 0.0 2.0
10 1.0 0.0 2.0
11 1.0 1.0 2.0
12 0.0 1.0 2.0
13 0.5 0.5 3.0
EDGES
1 2
2 3
3 4
4 1
1 5
2 6
3 7
4 8
5 6
6 7
7 8
8 5
5 9
6 10
7 11
8 12
9 10
10 11
11 12
12 9
9 13
13 10
11 13
13 12
TYPE
1 FIXED
2 FIXED
3 FIXED
4 FIXED
5 FREE
6 FREE
7 FREE
8 FREE
9 FREE
10 FREE
11 FREE
12 FREE
13 FORCE 100.0 0.0 0.0 0.0 0.0 0.0 
PARAMETERS
E 12.0
I 0.0000785
G 11.0
J 42.0
A 0.00015707
mu 12.0